MH,FITNESS
HBA,259.0
HBA,260.0
HBA,259.0
